path:
 - pose_id: 0
   position: [-0.546983856884, -0.289479271347 , 0.203171911166]
   quaternion: [0.707106781187, 0.707106781187, 0.0, 0.0]
 - pose_id: 1
   position: [-0.787517289041, -0.289479271347 , 0.203171911166]
   quaternion: [0.707106781187, 0.707106781187, 0.0, 0.0]
 - pose_id: 2
   position: [-0.787517289041, -0.154193102215 , 0.203171911166]
   quaternion: [0.707106781187, 0.707106781187, 0.0, 0.0]
 - pose_id: 3
   position: [-0.546983856884, -0.154193102215 , 0.203171911166]
   quaternion: [0.707106781187, 0.707106781187, 0.0, 0.0]